161,155
64,169
133,139
127,147
129,132
145,123
178,135
138,132
143,137
44,116
15,142
180,111
88,116
132,163
6,7
69,190
12,3
87,1
86,185
198,124
1,10
2,2
3,17
2,75
53,32
51,71
35,67
123,138
109,55
162,76
142,4
205,105
164,185
151,218
129,14
159,146
151,146
79,160
53,108
209,83
172,7
53,87
32,125
134,147
57,2
21,120
150,139
90,108
46,27
46,34
64,4
55,25
12,55
82,30
73,36
2,45
14,28
14,64
28,71
3,66
29,31
29,38
28,46
28,53
44,41
47,47
62,17
82,10
79,4
32,13
34,2
43,2
38,7
25,18
30,22
19,22
17,52
20,46
7,40
45,13
9,33
1,35
8,72
6,52
21,40
24,27
22,33
62,10
53,18
72,3
28,6
2,26
14,17
8,22
15,9
9,12
15,36
2,83
2,135
1,208
30,205
7,202
42,160
46,166
61,33
72,11
191,114
22,67
8,79
205,67
140,28
41,109
39,103
42,21
76,53
60,73
48,101
38,82
32,107
22,86
36,97
30,100
24,104
24,111
2,122
5,130
11,150
15,155
47,122
43,128
28,131
33,136
50,159
55,94
65,97
69,104
61,107
57,101
88,101
52,78
187,107
153,160
211,157
101,138
58,172
2,196
138,193
76,41
105,34
53,116
211,101
200,112
178,93
121,16
112,39
105,42
138,170
98,45
91,49
78,47
179,86
207,112
204,118
209,124
144,186
50,130
57,133
52,138
38,120
32,116
28,83
35,87
218,152
216,164
63,113
77,100
86,37
54,10
49,6
124,7
119,2
220,112
159,139
208,143
98,71
135,155
142,144
122,127
36,210
55,165
60,159
21,211
118,145
95,82
65,52
70,46
38,59
129,28
133,4
154,122
121,33
44,136
170,137
138,35
22,11
99,109
53,122
143,152
153,153
147,157
158,110
61,82
61,127
62,120
108,131
117,134
111,139
108,121
138,75
97,116
68,123
74,129
193,51
21,4
211,132
180,72
139,67
110,61
147,64
213,60
193,33
215,37
145,103
102,51
129,76
107,23
83,20
93,6
100,2
100,9
119,25
128,21
45,83
17,90
7,118
20,98
13,95
4,90
8,102
6,96
13,85
15,104
79,106
71,112
74,118
84,95
80,59
67,75
91,66
88,59
53,41
59,45
8,61
12,45
16,74
22,78
28,61
20,58
37,17
35,26
38,34
37,42
37,50
52,51
40,74
32,77
104,16
89,25
93,32
114,19
132,70
122,65
106,69
114,67
118,58
123,79
129,84
71,89
62,89
63,24
68,30
75,25
127,56
86,44
95,39
95,56
98,62
45,55
129,35
52,63
58,66
164,7
154,13
152,7
92,90
66,40
84,51
56,56
64,62
71,57
44,65
15,113
9,108
2,112
29,92
82,121
66,152
189,75
199,55
173,52
126,41
198,62
206,58
208,43
216,44
172,1
152,1
221,33
146,33
112,31
222,54
215,52
174,103
164,104
122,110
139,96
69,175
70,182
221,211
199,206
114,124
66,220
64,134
98,101
106,114
194,16
95,152
92,145
103,146
122,49
108,47
115,50
119,40
219,27
220,7
203,14
197,9
221,14
200,21
189,8
194,3
129,47
137,47
132,52
136,58
147,57
129,62
170,14
178,14
144,42
165,46
154,28
158,33
206,8
204,2
175,28
203,36
219,21
210,19
220,63
198,84
222,100
215,107
212,69
221,70
205,88
178,80
217,86
218,78
190,69
210,76
199,71
199,78
217,95
211,92
203,96
196,91
191,121
219,220
207,221
198,197
215,215
219,181
190,129
193,136
98,132
89,122
98,123
93,127
87,132
92,136
86,139
80,144
80,132
142,117
217,127
220,170
213,172
128,90
40,153
187,180
213,13
213,4
162,1
181,1
163,38
166,56
189,80
189,88
195,106
194,99
184,100
180,56
188,44
184,50
175,44
210,33
211,25
14,207
27,215
24,221
20,191
43,215
36,218
32,189
40,178
36,183
51,175
31,178
14,178
8,182
35,172
16,166
20,174
26,186
2,186
2,149
6,154
10,159
21,150
25,139
28,144
38,166
44,172
49,219
58,213
57,220
9,221
3,219
16,217
22,181
14,186
23,165
30,165
21,157
27,172
28,158
35,159
31,151
49,152
38,142
49,145
12,123
21,127
20,134
13,132
5,143
9,137
73,136
67,142
57,153
60,140
59,147
69,161
81,170
77,192
77,184
84,195
28,195
7,191
22,202
14,198
205,190
213,138
220,134
81,113
70,20
180,7
204,161
170,191
191,202
204,153
197,158
211,149
173,174
178,169
171,180
35,199
5,165
11,170
5,174
217,144
199,166
207,168
188,196
189,188
182,188
177,195
204,200
219,190
221,158
191,164
185,167
155,171
159,165
144,179
160,191
157,197
120,208
136,200
91,193
81,220
8,213
129,97
173,202
181,201
199,219
184,207
190,211
196,213
203,213
189,218
153,204
143,206
127,211
128,218
111,196
98,197
104,219
93,203
66,198
97,217
98,209
75,199
92,212
87,208
81,203
87,216
73,217
68,213
49,209
42,204
79,213
71,207
103,174
107,160
93,172
90,157
86,164
126,154
112,150
104,153
98,159
94,165
166,143
166,150
164,134
149,130
197,151
189,157
202,134
198,141
202,146
188,94
149,114
117,117
137,124
128,123
126,116
146,82
97,95
122,93
120,100
105,105
114,94
112,101
112,108
114,76
120,72
104,79
105,96
162,24
162,15
154,20
138,13
107,6
112,11
99,26
95,20
90,15
116,86
120,216
112,220
105,205
104,192
105,167
89,178
99,180
95,186
113,178
109,185
118,172
135,178
111,212
83,152
74,150
74,168
78,177
40,193
45,187
55,187
61,191
55,199
60,206
49,194
60,180
50,182
154,184
140,163
147,166
146,172
157,177
146,199
150,192
159,210
152,211
160,216
143,221
145,213
139,218
136,213
163,221
171,216
178,209
179,216
166,198
168,208
121,182
116,189
126,177
127,169
132,172
115,156
120,151
122,160
115,165
136,88
145,89
138,82
156,56
147,72
147,49
44,93
81,65
72,83
74,95
81,89
85,83
69,67
77,72
107,88
100,87
78,79
92,76
86,73
173,58
178,64
167,68
181,41
185,24
201,28
193,25
186,15
139,21
146,11
147,18
146,25
141,53
167,86
155,104
137,103
134,116
140,110
130,105
149,95
135,186
129,187
131,195
133,206
115,202
124,202
123,194
172,154
167,159
166,165
163,178
173,166
175,159
165,172
195,173
195,181
203,184
204,173
202,179
209,179
211,197
211,185
211,190
198,189
209,208
216,204
221,198
176,185
181,174
180,180
187,64
188,56
153,77
155,85
156,63
164,63
158,69
150,39
154,46
170,38
177,36
170,22
177,21
168,30
183,32
190,39
199,40
198,46
205,50
168,95
172,74
182,161
188,173
175,148
184,145
177,141
185,136
191,143
190,149
182,153
163,116
171,112
158,131
164,125
173,130
183,122
171,119
182,116
174,124
183,128
217,119
212,115
160,93
